1000
4.759421348571777344
0.808597326278686523
3.714604139328002930
8.591663360595703125
2.133378505706787109
10.895607948303222656
14.421574592590332031
18.630857467651367188
1.814988613128662109
5.850272178649902344
10.308151245117187500
0.003523707389831543
1.140726327896118164
4.216760635375976562
11.135250091552734375
16.092639923095703125
21.163452148437500000
3.659953117370605469
9.582227706909179688
14.975798606872558594
0.589621782302856445
5.123570919036865234
10.160060882568359375
12.919511795043945312
21.438272476196289062
28.643640518188476562
6.779953002929687500
16.263210296630859375
23.926757812500000000
3.061913967132568359
12.155696868896484375
19.929849624633789062
0.000095866598712746
0.032221980392932892
0.066222064197063446
0.819967925548553467
0.973210453987121582
0.791889786720275879
8.909004211425781250
5.775966167449951172
3.748875379562377930
0.239730760455131531
1.703289389610290527
2.598814487457275391
2.664937019348144531
4.705170631408691406
5.459541797637939453
9.495099067687988281
9.758808135986328125
9.692173004150390625
2.023993730545043945
7.048920631408691406
10.079005241394042969
5.784934043884277344
11.386149406433105469
14.410500526428222656
11.967392921447753906
16.790935516357421875
19.461961746215820312
9.160446166992187500
10.762029647827148438
12.677609443664550781
0.907494306564331055
2.925136089324951172
5.154075622558593750
0.000000000000000000
0.028415203094482422
0.481906533241271973
9.166381835937500000
11.066858291625976562
13.316906929016113281
1.829976558685302734
4.791113853454589844
7.487899303436279297
0.014232218265533447
1.102319121360778809
3.104758262634277344
9.499151229858398438
13.034626007080078125
16.348276138305664062
3.389976501464843750
8.131605148315429688
11.963378906250000000
0.517721652984619141
4.285757064819335938
8.058113098144531250
0.000000000000000000
0.000242603200604208
0.002151222433894873
0.409983962774276733
0.486605226993560791
0.395944893360137939
10.145526885986328125
7.815601825714111328
5.450779914855957031
0.005934250075370073
0.305071353912353516
0.641451358795166016
1.332468509674072266
2.352585315704345703
2.729770898818969727
10.159759521484375000
8.889504432678222656
8.073632240295410156
0.338704913854598999
2.272837877273559570
3.672820091247558594
2.892467021942138672
5.693074703216552734
7.205250263214111328
10.663249969482421875
12.072943687438964844
13.026985168457031250
10.247406959533691406
11.355499267578125000
12.841693878173828125
1.401849985122680664
3.536652326583862305
5.437631607055664062
0.001633286476135254
0.454070329666137695
1.532599687576293945
10.541893005371093750
13.710783958435058594
16.827686309814453125
3.287992477416992188
7.699005126953125000
11.227975845336914062
0.492788314819335938
3.858922004699707031
7.162829399108886719
12.443067550659179688
19.594089508056640625
25.369045257568359375
6.430887222290039062
14.629038810729980469
20.858615875244140625
2.855403900146484375
10.762088775634765625
17.109363555908203125
0.000243641363340430
0.126460671424865723
0.400415480136871338
1.127232313156127930
2.171059608459472656
2.725097179412841797
9.699548721313476562
8.951915740966796875
8.548813819885253906
0.294727534055709839
2.481751441955566406
4.386408805847167969
3.013370513916015625
6.333412647247314453
8.515443801879882812
10.190700531005859375
12.356771469116210938
14.179041862487792969
2.195905447006225586
8.365054130554199219
12.927768707275390625
6.156266689300537109
13.263444900512695312
18.146081924438476562
12.553315162658691406
19.259935379028320312
24.125576019287109375
8.863281250000000000
9.314944267272949219
9.890866279602050781
0.700924992561340332
1.768326163291931152
2.718815803527832031
0.000000000000000000
0.006432294845581055
0.106190681457519531
8.871202468872070312
9.791476249694824219
11.030983924865722656
1.643996238708496094
3.849502563476562500
5.613987922668457031
0.010850906372070312
0.768280386924743652
2.036956310272216797
9.237474441528320312
12.055223464965820312
14.655913352966308594
3.215443611145019531
7.314519405364990234
10.429307937622070312
0.473086118698120117
3.727046728134155273
6.800861358642578125
0.000000000000000000
0.001639380585402250
0.021947562694549561
0.563616156578063965
1.085529804229736328
1.362548589706420898
10.583168029785156250
9.926834106445312500
9.208328247070312500
0.007922414690256119
0.478170007467269897
1.162065029144287109
1.506685256958007812
3.166706323623657227
4.257721900939941406
10.594018936157226562
10.688683509826660156
11.139093399047851562
0.374194979667663574
2.741917848587036133
4.786994457244873047
3.078133344650268555
6.631722450256347656
9.073040962219238281
11.056255340576171875
13.647449493408203125
15.903000831604003906
10.449057579040527344
12.306754112243652344
14.628843307495117188
1.523418188095092773
4.192256927490234375
6.804965972900390625
0.002083912491798401
0.616568326950073242
2.173948764801025391
10.725503921508789062
14.437109947204589844
18.140766143798828125
3.400896310806274414
8.260003089904785156
12.336000442504882812
0.521347999572753906
4.225786685943603516
8.026360511779785156
12.590261459350585938
20.159992218017578125
26.372711181640625000
6.538078308105468750
15.127180099487304688
21.792602539062500000
2.918383598327636719
11.184120178222656250
17.962318420410156250
0.000182353658601642
0.084650546312332153
0.239490404725074768
1.024671316146850586
1.723248124122619629
1.927904963493347168
9.453450202941894531
7.900657653808593750
6.809184074401855469
0.276624828577041626
2.215002775192260742
3.751414537429809570
2.902149200439453125
5.790991783142089844
7.458939552307128906
9.972717285156250000
11.509875297546386719
12.661596298217773438
2.141384840011596680
7.937886714935302734
11.983362197875976562
6.039328098297119141
12.658167839050292969
16.915542602539062500
12.369754791259765625
18.468210220336914062
22.597557067871093750
8.955734252929687500
9.769395828247070312
10.772994041442871094
0.761709094047546387
2.096128463745117188
3.402482986450195312
0.000000000000000000
0.010448008775711060
0.177239537239074707
8.962982177734375000
10.185790061950683594
11.734449386596679688
1.700448155403137207
4.130001544952392578
6.168000221252441406
0.011812388896942139
0.862121224403381348
2.335399150848388672
9.318598747253417969
12.357237815856933594
15.177356719970703125
3.269039154052734375
7.563590049743652344
10.896301269531250000
0.486592054367065430
3.894992828369140625
7.178303718566894531
0.000000000000000000
0.000928295950870961
0.011204867623746395
0.512335658073425293
0.861624062061309814
0.963952481746673584
10.447006225585937500
9.260525703430175781
7.964426040649414062
0.007248620036989450
0.417324542999267578
0.972661375999450684
1.451074600219726562
2.895495891571044922
3.729469776153564453
10.458820343017578125
10.112197875976562500
10.122585296630859375
0.362866193056106567
2.588770627975463867
4.415570259094238281
3.019664049148559570
6.329083919525146484
8.457771301269531250
10.933599472045898438
13.145070075988769531
14.965488433837890625
10.650270462036132812
13.259586334228515625
16.431762695312500000
1.651031732559204102
4.906254291534423828
8.313014984130859375
0.002647012472152710
0.822082281112670898
2.984540462493896484
10.909607887268066406
15.175518035888671875
19.485082626342773438
3.516102313995361328
8.842404365539550781
13.495068550109863281
0.551228046417236328
4.615624427795410156
8.950440406799316406
12.738052368164062500
20.731788635253906250
27.388181686401367188
6.646277904510498047
15.633523941040039062
22.743366241455078125
2.982372760772705078
11.615610122680664062
18.835727691650390625
0.000134133879328147
0.055508665740489960
0.137682527303695679
0.928651392459869385
1.346170783042907715
1.319592356681823730
9.208026885986328125
6.905985832214355469
5.291776180267333984
0.259471744298934937
1.971442222595214844
3.190998792648315430
2.793722152709960938
5.282321453094482422
6.501645565032958984
9.756609916687011719
10.699530601501464844
11.257676124572753906
2.087910890579223633
7.527710914611816406
11.094098091125488281
5.923898220062255859
12.073443412780761719
15.749941825866699219
12.187758445739746094
17.699522018432617188
21.142961502075195312
9.047981262207031250
10.219046592712402344
11.640266418457031250
0.825515866279602051
2.453127145767211914
4.156507492065429688
0.000000000000000000
0.016602277755737305
0.284482002258300781
9.054609298706054688
10.581654548645019531
12.444201469421386719
1.758051156997680664
4.421202182769775391
6.747534275054931641
0.012850999832153320
0.964631795883178711
2.663219451904296875
9.399800300598144531
12.661051750183105469
15.702435493469238281
3.323138952255249023
7.816761970520019531
11.371683120727539062
0.500406265258789062
4.067831516265869141
7.567319393157958984
0.000000000000000000
0.000515671097673476
0.005479292478412390
0.464325696229934692
0.673085391521453857
0.659796178340911865
10.311153411865234375
8.603852272033691406
6.785977363586425781
0.006628815550357103
0.363121569156646729
0.809413075447082520
1.396861076354980469
2.641160726547241211
3.250822782516479492
10.324003219604492188
9.551881790161132812
9.164713859558105469
0.351817131042480469
2.442519187927246094
4.067646980285644531
2.961949110031127930
6.036721706390380859
7.874970912933349609
10.811560630798339844
12.655080795288085938
14.068814277648925781
10.739572525024414062
13.682681083679199219
17.233232498168945312
1.709651947021484375
5.240952491760253906
9.021568298339843750
0.002938717603683472
0.928884029388427734
3.401690006256103516
10.991586685180664062
15.507251739501953125
20.091314315795898438
3.568022251129150391
9.107951164245605469
14.025694847106933594
0.564949035644531250
4.796311855316162109
9.380213737487792969
12.803931236267089844
20.987751007080078125
27.842983245849609375
6.694733142852783203
15.861123085021972656
23.171060562133789062
3.011115312576293945
11.810384750366210938
19.230257034301757812
0.000122922006994486
0.045708220452070236
0.106264509260654449
0.888042509555816650
1.199876546859741211
1.102710962295532227
9.099169731140136719
6.483696460723876953
4.690951824188232422
0.252136081457138062
1.870283722877502441
2.964346647262573242
2.746415615081787109
5.066873550415039062
6.106842994689941406
9.661175727844238281
10.351119041442871094
10.669475555419921875
2.064484834671020508
7.350781917572021484
10.716015815734863281
5.873121738433837891
11.820047378540039062
15.252206802368164062
12.107347488403320312
17.365196228027343750
20.519521713256835938
9.088912963867187500
10.417341232299804688
12.020461082458496094
0.854825973510742188
2.620476245880126953
4.510784149169921875
0.000000000000000000
0.020260214805603027
0.346803188323974609
9.095281600952148438
10.757961273193359375
12.761066436767578125
1.784011125564575195
4.553975582122802734
7.012847423553466797
0.013339310884475708
1.013085961341857910
2.818539142608642578
9.435916900634765625
12.796620368957519531
15.936813354492187500
3.347366571426391602
7.930561542510986328
11.585530281066894531
0.506651043891906738
4.146228790283203125
7.743852615356445312
0.000000000000000000
0.000395102077163756
0.003930500242859125
0.444021254777908325
0.599938273429870605
0.551355481147766113
10.250873565673828125
8.315303802490234375
6.286097526550292969
0.006367669440805912
0.341015189886093140
0.744537174701690674
1.373207807540893555
2.533436775207519531
3.053421497344970703
10.264211654663085938
9.308128356933593750
8.757832527160644531
0.347002416849136353
2.379674673080444336
3.920284509658813477
2.936560869216918945
5.910023689270019531
7.626103401184082031
10.757523536682128906
12.441273689270019531
13.683146476745605469
10.123664855957031250
10.373026847839355469
10.636949539184570312
10.917163848876953125
11.061557769775390625
12.101054191589355469
0.961817264556884766
1.756382465362548828
2.348984718322753906
2.858462810516357422
3.093739986419677734
4.535703659057617188
0.000006678281351924
0.012642383575439453
0.080672025680541992
0.203310966491699219
0.279737949371337891
0.966233730316162109
10.180823326110839844
10.961711883544921875
11.806694030761718750
12.605628013610839844
12.985715866088867188
15.357166290283203125
2.297732353210449219
4.062614917755126953
5.316539287567138672
6.358167648315429688
6.828911781311035156
9.591747283935546875
0.112352609634399414
0.941523313522338867
1.841162204742431641
2.688572883605957031
3.091201305389404297
5.602713584899902344
11.084711074829101562
13.632469177246093750
15.655492782592773438
17.372980117797851562
18.152729034423828125
22.710981369018554688
4.523973464965820312
7.905132293701171875
10.259866714477539062
12.186767578125000000
13.049053192138671875
18.005363464355468750
1.310310602188110352
4.184311389923095703
6.424952983856201172
8.318456649780273438
9.176755905151367188
14.187973022460937500
0.000002266249794047
0.002545410068705678
0.020315866917371750
0.055073399096727371
0.076985538005828857
0.263817816972732544
0.824411809444427490
1.344728589057922363
1.663840174674987793
1.900576591491699219
1.999767184257507324
2.494331836700439453
9.848862648010253906
9.559829711914062500
9.327013969421386719
9.149637222290039062
9.076370239257812500
8.720723152160644531
0.057156812399625778
0.591226875782012939
1.190060019493103027
1.743534326553344727
2.001143217086791992
3.519931077957153320
2.160328149795532227
3.650963306427001953
4.631395339965820312
5.400282859802246094
5.734939575195312500
7.550372123718261719
9.961202621459960938
10.488710403442382812
11.087505340576171875
11.634902954101562500
11.887833595275878906
13.357199668884277344
0.961044549942016602
3.261986732482910156
5.038861751556396484
6.510888576507568359
7.168157577514648438
10.873745918273925781
4.386568069458007812
7.493479728698730469
9.574725151062011719
11.228882789611816406
11.955080032348632812
15.963987350463867188
11.159168243408203125
13.731497764587402344
15.671298027038574219
17.264783859252929688
17.973388671875000000
21.942459106445312500
8.806678771972656250
8.919810295104980469
9.032636642456054688
9.145344734191894531
9.201762199401855469
9.600900650024414062
0.480908632278442383
0.878191232681274414
1.174492359161376953
1.429231405258178711
1.546869993209838867
2.267851829528808594
0.000000000000000000
-0.000001400676410412
0.000058716163039207
0.000777538865804672
0.001841455698013306
0.038960576057434082
8.806850433349609375
8.954198837280273438
9.165797233581542969
9.408818244934082031
9.535299301147460938
10.425120353698730469
1.148866176605224609
2.031307458877563477
2.658269643783569336
3.179083824157714844
3.414455890655517578
4.795873641967773438
0.000210915692150593
0.049108743667602539
0.199574589729309082
0.408214330673217773
0.524132251739501953
1.404247522354125977
8.892180442810058594
9.628641128540039062
10.393690109252929688
11.099333763122558594
11.430473327636718750
13.444733619689941406
2.261986732482910156
3.952566146850585938
5.129933357238769531
6.093383789062500000
6.524526596069335938
9.002681732177734375
0.104626536369323730
0.911420345306396484
1.788379907608032227
2.607952356338500977
2.994692802429199219
5.365213871002197266
0.000000000000000000
0.000000853584424476
0.000016002795746317
0.000217480963328853
0.000498545297887176
0.008831147104501724
0.412205904722213745
0.672364294528961182
0.831920087337493896
0.950288295745849609
0.999883592128753662
1.247165918350219727
10.666526794433593750
10.499921798706054688
10.333834648132324219
10.168866157531738281
10.087254524230957031
9.548824310302734375
0.000171658219187520
0.034391809254884720
0.133177727460861206
0.263693362474441528
0.334037095308303833
0.833051383495330811
1.080164074897766113
1.825481653213500977
2.315697669982910156
2.700141429901123047
2.867469787597656250
3.775186061859130859
10.666738510131835938
10.549030303955078125
10.533349037170410156
10.576301574707031250
10.609543800354003906
10.914112091064453125
0.085501186549663544
0.708835124969482422
1.361069798469543457
1.954207658767700195
2.229209899902343750
3.852665901184082031
2.193284034729003906
3.746739864349365234
4.787362575531005859
5.614441394805908203
5.977540016174316406
7.981993675231933594
10.771152496337890625
11.411343574523925781
12.122156143188476562
12.776040077209472656
13.080104827880859375
14.875079154968261719
10.123664855957031250
10.433739662170410156
11.806694030761718750
14.395706176757812500
17.061092376708984375
27.276580810546875000
0.517793655395507812
2.524200916290283203
5.316539287567138672
8.694165229797363281
11.809331893920898438
22.972894668579101562
0.000000000000000000
0.151725769042968750
1.841162204742431641
4.865660667419433594
7.926033973693847656
19.343158721923828125
10.123664855957031250
10.433739662170410156
11.806694030761718750
14.395706176757812500
17.061092376708984375
27.276580810546875000
0.517793655395507812
2.524200916290283203
5.316539287567138672
8.694165229797363281
11.809331893920898438
22.972894668579101562
0.000000000000000000
0.151725769042968750
1.841162204742431641
4.865660667419433594
7.926033973693847656
19.343158721923828125
10.123664855957031250
10.433739662170410156
11.806694030761718750
14.395706176757812500
17.061092376708984375
27.276580810546875000
0.517793655395507812
2.524200916290283203
5.316539287567138672
8.694165229797363281
11.809331893920898438
22.972894668579101562
0.000000000000000000
0.151725769042968750
1.841162204742431641
4.865660667419433594
7.926033973693847656
19.343158721923828125
0.000000000000000000
0.063254244625568390
1.190060019493103027
3.533615589141845703
6.076519489288330078
15.439345359802246094
0.380391389131546021
2.112548112869262695
4.631395339965820312
7.736277580261230469
10.715358734130859375
20.931520462036132812
9.848854064941406250
9.698915481567382812
11.087505340576171875
13.811986923217773438
16.722665786743164062
27.097642898559570312
0.000000000000000000
0.063254244625568390
1.190060019493103027
3.533615589141845703
6.076519489288330078
15.439345359802246094
0.380391389131546021
2.112548112869262695
4.631395339965820312
7.736277580261230469
10.715358734130859375
20.931520462036132812
9.848854064941406250
9.698915481567382812
11.087505340576171875
13.811986923217773438
16.722665786743164062
27.097642898559570312
0.000000000000000000
0.063254244625568390
1.190060019493103027
3.533615589141845703
6.076519489288330078
15.439345359802246094
0.380391389131546021
2.112548112869262695
4.631395339965820312
7.736277580261230469
10.715358734130859375
20.931520462036132812
9.848854064941406250
9.698915481567382812
11.087505340576171875
13.811986923217773438
16.722665786743164062
27.097642898559570312
8.806678771972656250
8.920051574707031250
9.165797233581542969
9.959090232849121094
10.982686996459960938
15.502109527587890625
0.258896827697753906
1.262100458145141602
2.658269643783569336
4.347082614898681641
5.904665946960449219
11.486447334289550781
0.000000000000000000
0.000436907634139061
0.199574589729309082
1.149381399154663086
2.427875041961669922
7.940165519714355469
8.806678771972656250
8.920051574707031250
9.165797233581542969
9.959090232849121094
10.982686996459960938
15.502109527587890625
0.258896827697753906
1.262100458145141602
2.658269643783569336
4.347082614898681641
5.904665946960449219
11.486447334289550781
0.000000000000000000
0.000436907634139061
0.199574589729309082
1.149381399154663086
2.427875041961669922
7.940165519714355469
8.806678771972656250
8.920051574707031250
9.165797233581542969
9.959090232849121094
10.982686996459960938
15.502109527587890625
0.258896827697753906
1.262100458145141602
2.658269643783569336
4.347082614898681641
5.904665946960449219
11.486447334289550781
0.000000000000000000
0.000436907634139061
0.199574589729309082
1.149381399154663086
2.427875041961669922
7.940165519714355469
0.000000000000000000
0.000244153139647096
0.133177727460861206
0.813964962959289551
1.781424045562744141
5.910040855407714844
0.190195694565773010
1.056274056434631348
2.315697669982910156
3.868138790130615234
5.357679367065429688
10.465760231018066406
10.666526794433593750
10.500361442565917969
10.533349037170410156
11.317467689514160156
12.513284683227539062
17.450029373168945312
0.000000000000000000
0.000244153139647096
0.133177727460861206
0.813964962959289551
1.781424045562744141
5.910040855407714844
0.190195694565773010
1.056274056434631348
2.315697669982910156
3.868138790130615234
5.357679367065429688
10.465760231018066406
10.666526794433593750
10.500361442565917969
10.533349037170410156
11.317467689514160156
12.513284683227539062
17.450029373168945312
0.000000000000000000
0.000244153139647096
0.133177727460861206
0.813964962959289551
1.781424045562744141
5.910040855407714844
0.190195694565773010
1.056274056434631348
2.315697669982910156
3.868138790130615234
5.357679367065429688
10.465760231018066406
10.666526794433593750
10.500361442565917969
10.533349037170410156
11.317467689514160156
12.513284683227539062
17.450029373168945312
10.533349037170410156
11.317467689514160156
12.513284683227539062
5.123570919036865234
10.160060882568359375
12.919511795043945312
21.438272476196289062
28.643640518188476562
6.779953002929687500
16.263210296630859375
23.926757812500000000
3.061913967132568359
12.155696868896484375
19.929849624633789062
0.000095866598712746
0.032221980392932892
0.066222064197063446
0.819967925548553467
0.973210453987121582
0.791889786720275879
8.909004211425781250
5.775966167449951172
3.748875379562377930
